Initialization Method = AP Clustering
user set the minimum all contribution value = 0.4

Iter No. 1 initial clustering center:
	Center No. 1 = 3392		Contribution = 0.242424
	Center No. 2 = 1044		Contribution = 0.141414
	Center No. 3 = 5768		Contribution = 0.141414
	Center No. 4 = 1487		Contribution = 0.121212
	Center No. 5 = 1605		Contribution = 0.0808081
Iter No. 1 All Contributions = 0.727273


Initialization Means = 
{
		3392, 0.001679, 0.004883, 0.00774, 0.017572, 0.020045, 0.018631, 0.019232, 0.02228, 0.029329, 0.027884, 0.026925, 0.034482, 0.030142, 0.034732, 0.036385, 0.029472, 0.027852, 0.028071, 0.031332, 0.036979, 0.039899, 0.028105, 0.026168, 0.022933, 0.0198, 0.025012, 0.024554, 0.026741, 0.021462, 0.022062, 0.023471, 0.017256, 0.018482, 0.027231, 0.022972, 0.020407, 0.009425, 0.016128, 0.017345, 0.008724, 0.00745, 0.006363, 0.005927, 0.0045, 0.009018, 0.006413, 0.008349, 0.007293, 0.006592, 0.009663, 0.005579, 0.005414, 0.008756, 0.004398, 0.001482, 0.000387, 3.8e-05, 1.3e-05, 6.4e-05, 2.7e-05, 3e-05, 0.000275, 0.000151, 0, 0, 0, 9.8e-05, 0.000251, 8.3e-05, 6.3e-05, 4.5e-05, 0, 0, 0, 0, 0, 0, 0, 0, 0, 0, 0, 0, 0, 0, 0, 0, 0, 0, 0, 0, 0, 0, 0, 0, 0, 0, 0, 0, 0
		1044, 0.001867, 0.003443, 0.006825, 0.009936, 0.01047, 0.013867, 0.018328, 0.011277, 0.015367, 0.017577, 0.017398, 0.01986, 0.023715, 0.018749, 0.022026, 0.024182, 0.020045, 0.027094, 0.018269, 0.019581, 0.023035, 0.025614, 0.018844, 0.017193, 0.021149, 0.024763, 0.016724, 0.019137, 0.017698, 0.015956, 0.012279, 0.0118, 0.01535, 0.009147, 0.012944, 0.017616, 0.024073, 0.019617, 0.027788, 0.022818, 0.01936, 0.011246, 0.010247, 0.007845, 0.00824, 0.022875, 0.006799, 0.013937, 0.009539, 0.00857, 0.011528, 0.010403, 0.007581, 0.012297, 0.016007, 0.019027, 0.016802, 0.019599, 0.020547, 0.019389, 0.01607, 0.012363, 0.015266, 0.007173, 0.005406, 0.002931, 0.003092, 0.006086, 0.005538, 0.013097, 0.010351, 0.006798, 0.002445, 0.00162, 0.000531, 0.00183, 0.002668, 0, 0.002082, 0.000836, 0.000174, 0.000153, 0, 0, 0, 0, 0, 0, 0, 0, 0, 0, 0, 0, 0, 0, 0, 0, 0, 0
		5768, 0.00089, 0.001074, 0.001029, 0.000912, 0.001712, 0.00262, 0.00343, 0.003597, 0.002652, 0.005741, 0.00429, 0.003635, 0.00842, 0.00626, 0.006669, 0.007638, 0.009709, 0.005956, 0.007156, 0.011404, 0.009323, 0.011886, 0.011088, 0.009382, 0.011039, 0.010706, 0.01052, 0.010626, 0.014044, 0.012404, 0.011649, 0.017372, 0.013075, 0.013834, 0.012277, 0.013553, 0.016272, 0.019832, 0.017176, 0.013276, 0.014679, 0.017145, 0.0201, 0.019797, 0.016584, 0.015168, 0.014087, 0.017327, 0.016101, 0.017443, 0.016455, 0.017239, 0.014639, 0.015222, 0.019623, 0.021087, 0.013245, 0.016135, 0.014082, 0.018882, 0.019169, 0.017278, 0.014939, 0.024681, 0.021315, 0.027507, 0.02047, 0.021459, 0.022383, 0.015945, 0.013635, 0.016206, 0.013503, 0.015067, 0.017879, 0.0148, 0.02307, 0.024602, 0.021665, 0.027566, 0.022478, 0.021944, 0.027768, 0.012433, 0.031077, 0.015132, 0.007083, 0.007434, 0.007263, 0.007658, 0.009689, 0.01073, 0.014485, 0.036408, 0.065939, 0.032016, 0.028553, 0.007711, 0.01886, 0.008017
		1487, 0.001417, 0.001946, 0.003391, 0.004809, 0.007096, 0.009799, 0.009437, 0.013274, 0.00862, 0.013059, 0.010436, 0.008961, 0.008465, 0.012671, 0.013224, 0.020418, 0.016552, 0.017552, 0.01786, 0.01258, 0.015786, 0.020197, 0.038557, 0.030032, 0.026872, 0.025778, 0.026336, 0.0326, 0.037452, 0.031585, 0.035036, 0.024677, 0.033653, 0.033293, 0.033887, 0.038774, 0.035746, 0.039148, 0.042036, 0.029473, 0.027521, 0.028282, 0.015753, 0.014758, 0.011051, 0.012296, 0.008602, 0.009143, 0.011236, 0.00891, 0.00611, 0.005644, 0.008032, 0.00568, 0.003822, 0.003768, 0.002967, 0.002918, 0.002649, 0.002788, 0.002124, 0.00146, 0.001405, 0.000746, 0, 0, 0, 0, 0, 0, 0, 0, 0, 0, 0, 0, 0, 0, 0, 0, 0, 0, 0, 0, 0, 0, 0, 0, 0, 0, 0, 0, 0, 0, 0, 0, 0, 0, 0, 0
		1605, 0.001929, 0.001984, 0.000609, 0.000664, 0.00201, 0.001541, 0.002609, 0.00271, 0.001867, 0.002903, 0.002494, 0.004335, 0.008507, 0.002907, 0.002675, 0.004255, 0.004452, 0.008168, 0.011367, 0.011339, 0.013146, 0.010996, 0.00595, 0.007022, 0.011346, 0.013699, 0.015796, 0.006523, 0.011153, 0.013459, 0.012582, 0.011636, 0.013565, 0.011051, 0.014146, 0.013289, 0.013769, 0.023095, 0.022378, 0.024086, 0.019992, 0.02617, 0.015746, 0.024001, 0.019999, 0.034927, 0.034364, 0.032191, 0.02996, 0.035866, 0.033711, 0.031181, 0.03459, 0.034523, 0.026853, 0.032436, 0.02027, 0.022006, 0.023642, 0.022918, 0.017684, 0.022578, 0.020089, 0.018708, 0.017839, 0.012846, 0.009573, 0.01195, 0.009419, 0.010201, 0.010297, 0.00958, 0.015007, 0.010973, 0.008894, 0.00927, 0.008779, 0.004608, 0.005023, 0.004585, 0.006856, 0.003996, 0.002563, 0.005315, 0.003316, 0.00265, 0.002658, 0.000761, 0, 0, 0, 0, 0, 0, 0, 0, 0, 0, 0, 0
}
initialization silhouette evaluation = 0.246662

Iteration No. 1 Means = 
{
		0, 0.0013506, 0.0036401, 0.0061333, 0.00893575, 0.0119693, 0.0140904, 0.0161912, 0.0186589, 0.0202904, 0.0229029, 0.0243616, 0.0250827, 0.0265761, 0.0280976, 0.0287797, 0.028799, 0.0292378, 0.0296907, 0.0301698, 0.0306867, 0.0303237, 0.0298012, 0.0303293, 0.0274801, 0.0277362, 0.0280502, 0.0259552, 0.0252791, 0.024259, 0.0243958, 0.0234137, 0.0212703, 0.020552, 0.0187399, 0.0177881, 0.0166481, 0.0164244, 0.0171122, 0.0160636, 0.0137985, 0.0139102, 0.0128314, 0.0132066, 0.0111152, 0.0104269, 0.0110221, 0.0092939, 0.00878238, 0.00839885, 0.00788855, 0.00783975, 0.00722387, 0.00649143, 0.00551252, 0.00495758, 0.00515582, 0.00381523, 0.0033944, 0.00289125, 0.0024492, 0.00189313, 0.0019548, 0.00173615, 0.00188712, 0.00214063, 0.00195025, 0.00122935, 0.000927, 0.000583525, 0.0003445, 0.000191925, 0.0002615, 0.00016325, 0.000144775, 0.000135475, 0.0001195, 0.0001528, 7.815e-05, 2.595e-05, 9.025e-06, 1.255e-05, 1.24e-05, 0, 3.15e-06, 1.1e-06, 0, 0, 0, 0, 0, 0, 0, 0, 0, 0, 0, 0, 0, 0, 0
		0, 0.00127221, 0.00367531, 0.0054681, 0.00784121, 0.00921534, 0.0110778, 0.012216, 0.0139512, 0.0145065, 0.0152562, 0.0171526, 0.0186185, 0.0190219, 0.0190277, 0.0191291, 0.020212, 0.0207562, 0.0209779, 0.0203908, 0.0219311, 0.0204787, 0.0204886, 0.019168, 0.0196162, 0.0194497, 0.0193478, 0.0181646, 0.018907, 0.0176345, 0.0177555, 0.0169013, 0.0183381, 0.0170915, 0.0190249, 0.0181048, 0.0186622, 0.0178653, 0.0166118, 0.0168147, 0.0175721, 0.018296, 0.0158813, 0.017372, 0.0156536, 0.0161247, 0.0152651, 0.0139249, 0.0153713, 0.0138936, 0.0136416, 0.0135134, 0.0137743, 0.01377, 0.0143647, 0.0144896, 0.0133041, 0.0130486, 0.0136637, 0.0115042, 0.0116783, 0.0110446, 0.00953514, 0.0098519, 0.00914979, 0.00975459, 0.0089169, 0.00816572, 0.00827403, 0.00926134, 0.00722962, 0.00625859, 0.00637324, 0.00581617, 0.00526921, 0.00425159, 0.00371234, 0.00371176, 0.00302672, 0.00381717, 0.00264548, 0.00230386, 0.00156459, 0.00157928, 0.00175066, 0.000828034, 0.000763897, 0.000377793, 0.000325586, 0.000114793, 8.84483e-05, 4.11724e-05, 1.86207e-05, 6.86207e-06, 0, 2.21034e-05, 3.28966e-05, 1.88276e-05, 2.6069e-05, 0, 0
		0, 0.00055025, 0.00057725, 0.00053575, 0.0005245, 0.00098575, 0.0016275, 0.00171175, 0.00230825, 0.0017665, 0.00330125, 0.0030075, 0.00216375, 0.0046645, 0.0043095, 0.00406225, 0.0048665, 0.0059315, 0.00514325, 0.00527275, 0.00714975, 0.0066055, 0.00900125, 0.00968, 0.0077665, 0.0092185, 0.0091265, 0.007742, 0.0087145, 0.0103167, 0.010672, 0.0108068, 0.0141672, 0.0106895, 0.0120662, 0.0113507, 0.0118545, 0.013642, 0.0154155, 0.015305, 0.0130985, 0.0140303, 0.014101, 0.0160575, 0.0184622, 0.015555, 0.0158805, 0.0160703, 0.0152445, 0.0160088, 0.0178675, 0.017871, 0.0170887, 0.016349, 0.018279, 0.0186608, 0.0214805, 0.0183385, 0.021664, 0.0176725, 0.0212765, 0.0234035, 0.0272288, 0.0204055, 0.0324305, 0.0266417, 0.0297135, 0.0229545, 0.0223575, 0.0261888, 0.020155, 0.0263285, 0.0214783, 0.0228615, 0.021028, 0.02155, 0.020863, 0.0244907, 0.0237643, 0.0238275, 0.0249328, 0.0244523, 0.02191, 0.0274195, 0.0187005, 0.0346533, 0.0205942, 0.0102577, 0.0106415, 0.0160342, 0.0133983, 0.009965, 0.0110258, 0.0130905, 0.0267675, 0.038802, 0.0203093, 0.0192562, 0.008551, 0.0108432, 0.009629
		0, 0.00108467, 0.00301983, 0.00484817, 0.00679175, 0.00848025, 0.007987, 0.00898383, 0.0104186, 0.0110409, 0.0138573, 0.0145401, 0.0136627, 0.0144777, 0.0153215, 0.0163562, 0.0184738, 0.0185541, 0.0192978, 0.0193345, 0.0223158, 0.0218047, 0.0250028, 0.0279806, 0.0266232, 0.0266297, 0.0267522, 0.0261176, 0.0312752, 0.0295953, 0.0303538, 0.0298086, 0.0321361, 0.0322091, 0.0309673, 0.0306034, 0.0310786, 0.0283082, 0.0267826, 0.0237171, 0.0219205, 0.0215168, 0.0192928, 0.015908, 0.013743, 0.0123495, 0.0114843, 0.0108281, 0.0111524, 0.0118183, 0.0099475, 0.00868033, 0.00898133, 0.00943867, 0.00726708, 0.00632725, 0.00610875, 0.0053185, 0.00572475, 0.00529292, 0.00562058, 0.00501367, 0.00443208, 0.00336767, 0.00253758, 0.00258817, 0.00258758, 0.0024535, 0.00157008, 0.0014885, 0.00131458, 0.00132275, 0.00118142, 0.00110242, 0.000827, 0.00063175, 0.000283667, 0.000165917, 0.000149667, 9.74167e-05, 1.825e-05, 3.75833e-05, 7.16667e-06, 5.13333e-05, 1.10833e-05, 5.66667e-06, 9.5e-06, 0, 0, 0, 0, 0, 0, 0, 0, 0, 0, 0, 0, 0, 0
		0, 0.000622, 0.00101971, 0.00118829, 0.00141729, 0.00352121, 0.00414771, 0.00480057, 0.00532686, 0.00496457, 0.00610379, 0.00677193, 0.00661043, 0.00871036, 0.00629071, 0.00694036, 0.00886964, 0.00655, 0.00702464, 0.00803143, 0.00931757, 0.0104494, 0.0105568, 0.0117826, 0.0130464, 0.0151561, 0.0134906, 0.0127419, 0.0126191, 0.0134244, 0.013465, 0.0136179, 0.0170583, 0.0160581, 0.019052, 0.0170851, 0.0166016, 0.0184847, 0.0200102, 0.0208484, 0.022112, 0.0227477, 0.0231961, 0.0212041, 0.0227863, 0.0249517, 0.0236881, 0.0263512, 0.0234111, 0.0233039, 0.0230973, 0.0231723, 0.0208064, 0.0218022, 0.0231219, 0.022939, 0.0237331, 0.0212132, 0.0182001, 0.0179274, 0.0173026, 0.0182716, 0.0181826, 0.0174614, 0.0156274, 0.0157097, 0.0154015, 0.0132826, 0.0134761, 0.0121018, 0.0122046, 0.0101759, 0.0115423, 0.0121808, 0.0125106, 0.0121327, 0.0120551, 0.0111139, 0.0111097, 0.00965871, 0.00957729, 0.00736307, 0.00641321, 0.00551414, 0.00537536, 0.00531714, 0.0052835, 0.00596186, 0.006852, 0.006981, 0.00553036, 0.00427507, 0.00260021, 0.00176093, 0.0017945, 0.000711071, 0.000841857, 0.000286714, 0.000157429, 0.000241714, 0.000209357
}
Iter No. 1 silhouette evaluation = 0.245885

Iteration No. 2 Means = 
{
		0, 0.00138649, 0.00369962, 0.00637186, 0.00916859, 0.0123965, 0.0141888, 0.0163932, 0.0187307, 0.0204518, 0.0230728, 0.0243702, 0.0252824, 0.0269159, 0.0288087, 0.0293643, 0.0292224, 0.0296174, 0.0306131, 0.0308052, 0.0312091, 0.0305542, 0.0302825, 0.0304396, 0.0275176, 0.0276116, 0.0277908, 0.026044, 0.0252714, 0.0238747, 0.0238213, 0.0220347, 0.0203161, 0.0194089, 0.0184028, 0.0174807, 0.0163389, 0.0164831, 0.0170097, 0.0154686, 0.0135532, 0.014063, 0.0131927, 0.0135018, 0.0114301, 0.0104181, 0.011014, 0.00935197, 0.00880605, 0.00833197, 0.00796084, 0.00774559, 0.00727127, 0.0062647, 0.00520335, 0.00496549, 0.00468362, 0.00355859, 0.00321254, 0.00290338, 0.00246416, 0.00191346, 0.00178843, 0.00168119, 0.00188062, 0.00211532, 0.00173073, 0.00115073, 0.000851324, 0.000814919, 0.000394757, 0.000110757, 8.2027e-05, 5.67027e-05, 3.02162e-05, 1.38649e-05, 1.31622e-05, 2.74865e-05, 3.7027e-05, 2.0973e-05, 7.67568e-06, 1.11351e-05, 1.42973e-05, 1.38108e-05, 7e-06, 3.02703e-06, 3.08108e-06, 0, 0, 0, 0, 0, 0, 0, 0, 0, 0, 0, 0, 0, 0
		0, 0.00126931, 0.0037221, 0.00539597, 0.00779683, 0.00896376, 0.0112693, 0.012461, 0.0140948, 0.015036, 0.0154283, 0.0171917, 0.0185474, 0.0187352, 0.0190904, 0.0191124, 0.0196861, 0.0205527, 0.0206724, 0.0201118, 0.0216452, 0.0201446, 0.0202359, 0.0191548, 0.0193316, 0.0192578, 0.019312, 0.017957, 0.0184681, 0.0178964, 0.0178366, 0.0174371, 0.0186035, 0.017925, 0.0187732, 0.017633, 0.0181956, 0.0174977, 0.0163607, 0.0172652, 0.0176263, 0.0183054, 0.0154517, 0.0171786, 0.0153037, 0.0160007, 0.0154716, 0.0139858, 0.0155041, 0.0142249, 0.013663, 0.0135576, 0.013804, 0.0141347, 0.0148902, 0.0145082, 0.0140747, 0.0133278, 0.0136287, 0.0114956, 0.0116175, 0.010986, 0.00983138, 0.00993245, 0.00920328, 0.00979852, 0.00926124, 0.00830734, 0.00831052, 0.00883069, 0.00707845, 0.00621179, 0.0065099, 0.00583614, 0.00528762, 0.00440438, 0.00385683, 0.00388745, 0.00308728, 0.00382621, 0.00264814, 0.00230697, 0.00156345, 0.00156166, 0.00174607, 0.00082569, 0.000759966, 0.000377793, 0.000325586, 0.000114793, 8.84483e-05, 4.11724e-05, 1.86207e-05, 6.86207e-06, 0, 2.21034e-05, 3.28966e-05, 1.88276e-05, 2.6069e-05, 0, 0
		0, 0.00055025, 0.00057725, 0.00053575, 0.0005245, 0.00098575, 0.0016275, 0.00171175, 0.00230825, 0.0017665, 0.00330125, 0.0030075, 0.00216375, 0.0046645, 0.0043095, 0.00406225, 0.0048665, 0.0059315, 0.00514325, 0.00527275, 0.00714975, 0.0066055, 0.00900125, 0.00968, 0.0077665, 0.0092185, 0.0091265, 0.007742, 0.0087145, 0.0103167, 0.010672, 0.0108068, 0.0141672, 0.0106895, 0.0120662, 0.0113507, 0.0118545, 0.013642, 0.0154155, 0.015305, 0.0130985, 0.0140303, 0.014101, 0.0160575, 0.0184622, 0.015555, 0.0158805, 0.0160703, 0.0152445, 0.0160088, 0.0178675, 0.017871, 0.0170887, 0.016349, 0.018279, 0.0186608, 0.0214805, 0.0183385, 0.021664, 0.0176725, 0.0212765, 0.0234035, 0.0272288, 0.0204055, 0.0324305, 0.0266417, 0.0297135, 0.0229545, 0.0223575, 0.0261888, 0.020155, 0.0263285, 0.0214783, 0.0228615, 0.021028, 0.02155, 0.020863, 0.0244907, 0.0237643, 0.0238275, 0.0249328, 0.0244523, 0.02191, 0.0274195, 0.0187005, 0.0346533, 0.0205942, 0.0102577, 0.0106415, 0.0160342, 0.0133983, 0.009965, 0.0110258, 0.0130905, 0.0267675, 0.038802, 0.0203093, 0.0192562, 0.008551, 0.0108432, 0.009629
		0, 0.00105493, 0.0029066, 0.0046562, 0.006732, 0.0086108, 0.0085948, 0.00945353, 0.0116118, 0.0114692, 0.0149146, 0.0164077, 0.0155915, 0.0166136, 0.0160013, 0.0174311, 0.0205111, 0.0201481, 0.019692, 0.0204736, 0.0232541, 0.0235857, 0.025264, 0.0282036, 0.0272523, 0.0275294, 0.0277207, 0.0262675, 0.0309434, 0.0289695, 0.0304227, 0.0308953, 0.0318034, 0.0310859, 0.0298401, 0.0297107, 0.0298573, 0.0264974, 0.0255869, 0.022783, 0.0207963, 0.0196004, 0.0179399, 0.0150137, 0.0131173, 0.0122264, 0.0110126, 0.0102603, 0.0103633, 0.0106589, 0.00931587, 0.00865907, 0.0084554, 0.0087034, 0.00666287, 0.00599793, 0.00559313, 0.005111, 0.00577493, 0.00479947, 0.00506707, 0.00445267, 0.00377427, 0.0030212, 0.00232013, 0.00247613, 0.00233587, 0.0021288, 0.0015576, 0.00156933, 0.00128887, 0.00138727, 0.00117593, 0.0011388, 0.000937533, 0.000537067, 0.0002338, 0.000132733, 0.000119733, 7.79333e-05, 1.46e-05, 3.00667e-05, 5.73333e-06, 4.10667e-05, 8.86667e-06, 4.53333e-06, 7.6e-06, 0, 0, 0, 0, 0, 0, 0, 0, 0, 0, 0, 0, 0, 0
		0, 0.000622, 0.00101971, 0.00118829, 0.00141729, 0.00352121, 0.00414771, 0.00480057, 0.00532686, 0.00496457, 0.00610379, 0.00677193, 0.00661043, 0.00871036, 0.00629071, 0.00694036, 0.00886964, 0.00655, 0.00702464, 0.00803143, 0.00931757, 0.0104494, 0.0105568, 0.0117826, 0.0130464, 0.0151561, 0.0134906, 0.0127419, 0.0126191, 0.0134244, 0.013465, 0.0136179, 0.0170583, 0.0160581, 0.019052, 0.0170851, 0.0166016, 0.0184847, 0.0200102, 0.0208484, 0.022112, 0.0227477, 0.0231961, 0.0212041, 0.0227863, 0.0249517, 0.0236881, 0.0263512, 0.0234111, 0.0233039, 0.0230973, 0.0231723, 0.0208064, 0.0218022, 0.0231219, 0.022939, 0.0237331, 0.0212132, 0.0182001, 0.0179274, 0.0173026, 0.0182716, 0.0181826, 0.0174614, 0.0156274, 0.0157097, 0.0154015, 0.0132826, 0.0134761, 0.0121018, 0.0122046, 0.0101759, 0.0115423, 0.0121808, 0.0125106, 0.0121327, 0.0120551, 0.0111139, 0.0111097, 0.00965871, 0.00957729, 0.00736307, 0.00641321, 0.00551414, 0.00537536, 0.00531714, 0.0052835, 0.00596186, 0.006852, 0.006981, 0.00553036, 0.00427507, 0.00260021, 0.00176093, 0.0017945, 0.000711071, 0.000841857, 0.000286714, 0.000157429, 0.000241714, 0.000209357
}
Iter No. 2 silhouette evaluation = 0.251658

Iteration No. 3 Means = 
{
		0, 0.00136233, 0.00355447, 0.00623597, 0.00902697, 0.0122864, 0.0139711, 0.0161232, 0.0184131, 0.0198883, 0.0229601, 0.0241, 0.025146, 0.0271191, 0.0289479, 0.02951, 0.0295626, 0.0300056, 0.0308256, 0.0309298, 0.0314454, 0.0309145, 0.0308386, 0.0305238, 0.0278882, 0.0276707, 0.0277387, 0.0262869, 0.0254494, 0.0237422, 0.0234281, 0.0216987, 0.0197532, 0.018977, 0.0183083, 0.0174459, 0.0163707, 0.0166537, 0.0169271, 0.015336, 0.0137134, 0.0141007, 0.013494, 0.0137775, 0.0117553, 0.0106742, 0.0111518, 0.009413, 0.00883936, 0.00811011, 0.00791208, 0.00768275, 0.00711364, 0.00599231, 0.00516378, 0.00511417, 0.00413603, 0.00349653, 0.00337006, 0.00302169, 0.00257722, 0.00196553, 0.00173564, 0.00166342, 0.00188597, 0.00207806, 0.00147864, 0.00102614, 0.000931972, 0.000958583, 0.000446472, 0.000240444, 0.000131028, 0.000148583, 0.000143028, 2.74444e-05, 1.63889e-05, 2.19444e-05, 3.20556e-05, 1.82222e-05, 4.27778e-06, 1.14444e-05, 1.46944e-05, 1.41944e-05, 7.19444e-06, 3.11111e-06, 3.16667e-06, 0, 0, 0, 0, 0, 0, 0, 0, 0, 0, 0, 0, 0, 0
		0, 0.00128658, 0.00379929, 0.00549719, 0.00790287, 0.00916871, 0.0113966, 0.0125389, 0.0143343, 0.0152803, 0.015483, 0.017357, 0.0185933, 0.0186871, 0.0189538, 0.0193958, 0.0197209, 0.0204522, 0.0207143, 0.0202759, 0.0215441, 0.0201581, 0.019943, 0.0189579, 0.0191978, 0.0192311, 0.0193271, 0.0175478, 0.0185939, 0.017932, 0.0182237, 0.0176551, 0.0190658, 0.0186272, 0.0190339, 0.0177124, 0.0182788, 0.0177506, 0.0169371, 0.0176316, 0.0175459, 0.0185443, 0.0156952, 0.0169212, 0.0149125, 0.0157777, 0.0152912, 0.0139483, 0.0156014, 0.014381, 0.0137326, 0.013646, 0.01419, 0.0146894, 0.0146133, 0.014193, 0.0143926, 0.0130715, 0.0132161, 0.011245, 0.0111688, 0.0106322, 0.00953197, 0.00960206, 0.00887519, 0.00956045, 0.00925268, 0.00819671, 0.00802619, 0.00847916, 0.00683852, 0.00601781, 0.00631006, 0.0056381, 0.00513416, 0.00424216, 0.00367161, 0.00368339, 0.00294294, 0.00361832, 0.00248148, 0.00215813, 0.00146258, 0.0014609, 0.00163342, 0.000772419, 0.000710935, 0.000353419, 0.000304581, 0.000107387, 8.27419e-05, 3.85161e-05, 1.74194e-05, 6.41935e-06, 0, 2.06774e-05, 3.07742e-05, 1.76129e-05, 2.43871e-05, 0, 0
		0, 0.00055025, 0.00057725, 0.00053575, 0.0005245, 0.00098575, 0.0016275, 0.00171175, 0.00230825, 0.0017665, 0.00330125, 0.0030075, 0.00216375, 0.0046645, 0.0043095, 0.00406225, 0.0048665, 0.0059315, 0.00514325, 0.00527275, 0.00714975, 0.0066055, 0.00900125, 0.00968, 0.0077665, 0.0092185, 0.0091265, 0.007742, 0.0087145, 0.0103167, 0.010672, 0.0108068, 0.0141672, 0.0106895, 0.0120662, 0.0113507, 0.0118545, 0.013642, 0.0154155, 0.015305, 0.0130985, 0.0140303, 0.014101, 0.0160575, 0.0184622, 0.015555, 0.0158805, 0.0160703, 0.0152445, 0.0160088, 0.0178675, 0.017871, 0.0170887, 0.016349, 0.018279, 0.0186608, 0.0214805, 0.0183385, 0.021664, 0.0176725, 0.0212765, 0.0234035, 0.0272288, 0.0204055, 0.0324305, 0.0266417, 0.0297135, 0.0229545, 0.0223575, 0.0261888, 0.020155, 0.0263285, 0.0214783, 0.0228615, 0.021028, 0.02155, 0.020863, 0.0244907, 0.0237643, 0.0238275, 0.0249328, 0.0244523, 0.02191, 0.0274195, 0.0187005, 0.0346533, 0.0205942, 0.0102577, 0.0106415, 0.0160342, 0.0133983, 0.009965, 0.0110258, 0.0130905, 0.0267675, 0.038802, 0.0203093, 0.0192562, 0.008551, 0.0108432, 0.009629
		0, 0.00107186, 0.00304907, 0.00479836, 0.00688329, 0.00866, 0.00889014, 0.0100411, 0.0120519, 0.0125094, 0.0155928, 0.0171934, 0.0161105, 0.0166302, 0.0164195, 0.0170412, 0.0202992, 0.0199911, 0.0196927, 0.0205796, 0.0236682, 0.0236188, 0.0255592, 0.0298755, 0.0277461, 0.0286241, 0.0290274, 0.0277201, 0.0315841, 0.0304494, 0.0319029, 0.0325662, 0.0332924, 0.0316876, 0.0302697, 0.0304763, 0.0302916, 0.0260689, 0.0252283, 0.0225784, 0.0204981, 0.0187638, 0.0166422, 0.0144574, 0.0127145, 0.0113931, 0.0104209, 0.00958929, 0.0092165, 0.0102081, 0.00856943, 0.00785986, 0.00715736, 0.0072255, 0.00609829, 0.005024, 0.00502064, 0.00455343, 0.00497843, 0.00395807, 0.00464807, 0.00398736, 0.00356586, 0.00271543, 0.00201814, 0.00202729, 0.0019705, 0.00174164, 0.000964643, 0.000887071, 0.000796214, 0.000702929, 0.000652286, 0.000592714, 0.000301, 0.0002715, 0.000102286, 5.49286e-05, 2.22857e-05, 5.78571e-06, 1.56429e-05, 3.22143e-05, 6.14286e-06, 4.4e-05, 9.5e-06, 4.85714e-06, 8.14286e-06, 0, 0, 0, 0, 0, 0, 0, 0, 0, 0, 0, 0, 0, 0
		0, 0.000622, 0.00101971, 0.00118829, 0.00141729, 0.00352121, 0.00414771, 0.00480057, 0.00532686, 0.00496457, 0.00610379, 0.00677193, 0.00661043, 0.00871036, 0.00629071, 0.00694036, 0.00886964, 0.00655, 0.00702464, 0.00803143, 0.00931757, 0.0104494, 0.0105568, 0.0117826, 0.0130464, 0.0151561, 0.0134906, 0.0127419, 0.0126191, 0.0134244, 0.013465, 0.0136179, 0.0170583, 0.0160581, 0.019052, 0.0170851, 0.0166016, 0.0184847, 0.0200102, 0.0208484, 0.022112, 0.0227477, 0.0231961, 0.0212041, 0.0227863, 0.0249517, 0.0236881, 0.0263512, 0.0234111, 0.0233039, 0.0230973, 0.0231723, 0.0208064, 0.0218022, 0.0231219, 0.022939, 0.0237331, 0.0212132, 0.0182001, 0.0179274, 0.0173026, 0.0182716, 0.0181826, 0.0174614, 0.0156274, 0.0157097, 0.0154015, 0.0132826, 0.0134761, 0.0121018, 0.0122046, 0.0101759, 0.0115423, 0.0121808, 0.0125106, 0.0121327, 0.0120551, 0.0111139, 0.0111097, 0.00965871, 0.00957729, 0.00736307, 0.00641321, 0.00551414, 0.00537536, 0.00531714, 0.0052835, 0.00596186, 0.006852, 0.006981, 0.00553036, 0.00427507, 0.00260021, 0.00176093, 0.0017945, 0.000711071, 0.000841857, 0.000286714, 0.000157429, 0.000241714, 0.000209357
}
Iter No. 3 silhouette evaluation = 0.24332

Iteration No. 4 Means = 
{
		0, 0.00137597, 0.00355146, 0.00625189, 0.00905154, 0.0122373, 0.0139683, 0.0161828, 0.0182202, 0.0197661, 0.0228146, 0.0239188, 0.0250032, 0.0270271, 0.0286723, 0.0293077, 0.0294172, 0.0297364, 0.0307248, 0.0305876, 0.0311248, 0.0307015, 0.0306974, 0.0302082, 0.0275992, 0.0274944, 0.0276583, 0.0260285, 0.0252788, 0.0235789, 0.0232262, 0.0214441, 0.0195383, 0.0188789, 0.0180607, 0.0173242, 0.0164044, 0.0168543, 0.0169998, 0.0156726, 0.0139594, 0.0142429, 0.0134333, 0.0136821, 0.0116496, 0.0106084, 0.0114686, 0.00934235, 0.00897714, 0.00814873, 0.00792986, 0.00778668, 0.00720254, 0.00603524, 0.00535657, 0.00540857, 0.00453849, 0.00385614, 0.00380868, 0.00349535, 0.00303159, 0.00234673, 0.00202286, 0.00203105, 0.00202886, 0.002168, 0.00151789, 0.00108197, 0.00107127, 0.00108235, 0.000788378, 0.000513703, 0.000311216, 0.000210649, 0.000182946, 4.10541e-05, 6.54054e-05, 9.34595e-05, 3.11892e-05, 7.4e-05, 2.67568e-05, 1.58378e-05, 1.84324e-05, 1.38108e-05, 7e-06, 3.02703e-06, 3.08108e-06, 0, 0, 0, 0, 0, 0, 0, 0, 0, 0, 0, 0, 0, 0
		0, 0.00126723, 0.00381117, 0.00545293, 0.0078351, 0.00912533, 0.0113142, 0.012346, 0.0144362, 0.0152774, 0.0154132, 0.0173556, 0.0185511, 0.0185195, 0.0189606, 0.0193082, 0.0195722, 0.0204657, 0.0205016, 0.0203428, 0.0216096, 0.0200622, 0.019754, 0.0189617, 0.0192646, 0.0191672, 0.0191459, 0.0175753, 0.0185758, 0.0179398, 0.0182993, 0.0178343, 0.019308, 0.0187365, 0.0193634, 0.0178713, 0.0183009, 0.0175399, 0.0168477, 0.0172931, 0.0173701, 0.0185171, 0.0158435, 0.0171436, 0.015148, 0.0160289, 0.0150384, 0.0141866, 0.0156569, 0.0145424, 0.0139047, 0.0137166, 0.0143163, 0.0149263, 0.0146905, 0.0141325, 0.0142381, 0.0129472, 0.0130034, 0.0109349, 0.0108948, 0.010451, 0.0094376, 0.00941327, 0.00893193, 0.00969893, 0.0094634, 0.00836687, 0.00809087, 0.0085772, 0.0066299, 0.00587337, 0.0062938, 0.00574453, 0.0052513, 0.00436587, 0.003733, 0.00371723, 0.00304103, 0.00366953, 0.00253633, 0.00222427, 0.00150623, 0.0015096, 0.00168787, 0.000798167, 0.000734633, 0.0003652, 0.000314733, 0.000110967, 8.55e-05, 3.98e-05, 1.8e-05, 6.63333e-06, 0, 2.13667e-05, 3.18e-05, 1.82e-05, 2.52e-05, 0, 0
		0, 0.00055025, 0.00057725, 0.00053575, 0.0005245, 0.00098575, 0.0016275, 0.00171175, 0.00230825, 0.0017665, 0.00330125, 0.0030075, 0.00216375, 0.0046645, 0.0043095, 0.00406225, 0.0048665, 0.0059315, 0.00514325, 0.00527275, 0.00714975, 0.0066055, 0.00900125, 0.00968, 0.0077665, 0.0092185, 0.0091265, 0.007742, 0.0087145, 0.0103167, 0.010672, 0.0108068, 0.0141672, 0.0106895, 0.0120662, 0.0113507, 0.0118545, 0.013642, 0.0154155, 0.015305, 0.0130985, 0.0140303, 0.014101, 0.0160575, 0.0184622, 0.015555, 0.0158805, 0.0160703, 0.0152445, 0.0160088, 0.0178675, 0.017871, 0.0170887, 0.016349, 0.018279, 0.0186608, 0.0214805, 0.0183385, 0.021664, 0.0176725, 0.0212765, 0.0234035, 0.0272288, 0.0204055, 0.0324305, 0.0266417, 0.0297135, 0.0229545, 0.0223575, 0.0261888, 0.020155, 0.0263285, 0.0214783, 0.0228615, 0.021028, 0.02155, 0.020863, 0.0244907, 0.0237643, 0.0238275, 0.0249328, 0.0244523, 0.02191, 0.0274195, 0.0187005, 0.0346533, 0.0205942, 0.0102577, 0.0106415, 0.0160342, 0.0133983, 0.009965, 0.0110258, 0.0130905, 0.0267675, 0.038802, 0.0203093, 0.0192562, 0.008551, 0.0108432, 0.009629
		0, 0.00107186, 0.00304907, 0.00479836, 0.00688329, 0.00866, 0.00889014, 0.0100411, 0.0120519, 0.0125094, 0.0155928, 0.0171934, 0.0161105, 0.0166302, 0.0164195, 0.0170412, 0.0202992, 0.0199911, 0.0196927, 0.0205796, 0.0236682, 0.0236188, 0.0255592, 0.0298755, 0.0277461, 0.0286241, 0.0290274, 0.0277201, 0.0315841, 0.0304494, 0.0319029, 0.0325662, 0.0332924, 0.0316876, 0.0302697, 0.0304763, 0.0302916, 0.0260689, 0.0252283, 0.0225784, 0.0204981, 0.0187638, 0.0166422, 0.0144574, 0.0127145, 0.0113931, 0.0104209, 0.00958929, 0.0092165, 0.0102081, 0.00856943, 0.00785986, 0.00715736, 0.0072255, 0.00609829, 0.005024, 0.00502064, 0.00455343, 0.00497843, 0.00395807, 0.00464807, 0.00398736, 0.00356586, 0.00271543, 0.00201814, 0.00202729, 0.0019705, 0.00174164, 0.000964643, 0.000887071, 0.000796214, 0.000702929, 0.000652286, 0.000592714, 0.000301, 0.0002715, 0.000102286, 5.49286e-05, 2.22857e-05, 5.78571e-06, 1.56429e-05, 3.22143e-05, 6.14286e-06, 4.4e-05, 9.5e-06, 4.85714e-06, 8.14286e-06, 0, 0, 0, 0, 0, 0, 0, 0, 0, 0, 0, 0, 0, 0
		0, 0.000622, 0.00101971, 0.00118829, 0.00141729, 0.00352121, 0.00414771, 0.00480057, 0.00532686, 0.00496457, 0.00610379, 0.00677193, 0.00661043, 0.00871036, 0.00629071, 0.00694036, 0.00886964, 0.00655, 0.00702464, 0.00803143, 0.00931757, 0.0104494, 0.0105568, 0.0117826, 0.0130464, 0.0151561, 0.0134906, 0.0127419, 0.0126191, 0.0134244, 0.013465, 0.0136179, 0.0170583, 0.0160581, 0.019052, 0.0170851, 0.0166016, 0.0184847, 0.0200102, 0.0208484, 0.022112, 0.0227477, 0.0231961, 0.0212041, 0.0227863, 0.0249517, 0.0236881, 0.0263512, 0.0234111, 0.0233039, 0.0230973, 0.0231723, 0.0208064, 0.0218022, 0.0231219, 0.022939, 0.0237331, 0.0212132, 0.0182001, 0.0179274, 0.0173026, 0.0182716, 0.0181826, 0.0174614, 0.0156274, 0.0157097, 0.0154015, 0.0132826, 0.0134761, 0.0121018, 0.0122046, 0.0101759, 0.0115423, 0.0121808, 0.0125106, 0.0121327, 0.0120551, 0.0111139, 0.0111097, 0.00965871, 0.00957729, 0.00736307, 0.00641321, 0.00551414, 0.00537536, 0.00531714, 0.0052835, 0.00596186, 0.006852, 0.006981, 0.00553036, 0.00427507, 0.00260021, 0.00176093, 0.0017945, 0.000711071, 0.000841857, 0.000286714, 0.000157429, 0.000241714, 0.000209357
}
Iter No. 4 silhouette evaluation = 0.251658

Iteration No. 5 Means = 
{
		0, 0.00136233, 0.00355447, 0.00623597, 0.00902697, 0.0122864, 0.0139711, 0.0161232, 0.0184131, 0.0198883, 0.0229601, 0.0241, 0.025146, 0.0271191, 0.0289479, 0.02951, 0.0295626, 0.0300056, 0.0308256, 0.0309298, 0.0314454, 0.0309145, 0.0308386, 0.0305238, 0.0278882, 0.0276707, 0.0277387, 0.0262869, 0.0254494, 0.0237422, 0.0234281, 0.0216987, 0.0197532, 0.018977, 0.0183083, 0.0174459, 0.0163707, 0.0166537, 0.0169271, 0.015336, 0.0137134, 0.0141007, 0.013494, 0.0137775, 0.0117553, 0.0106742, 0.0111518, 0.009413, 0.00883936, 0.00811011, 0.00791208, 0.00768275, 0.00711364, 0.00599231, 0.00516378, 0.00511417, 0.00413603, 0.00349653, 0.00337006, 0.00302169, 0.00257722, 0.00196553, 0.00173564, 0.00166342, 0.00188597, 0.00207806, 0.00147864, 0.00102614, 0.000931972, 0.000958583, 0.000446472, 0.000240444, 0.000131028, 0.000148583, 0.000143028, 2.74444e-05, 1.63889e-05, 2.19444e-05, 3.20556e-05, 1.82222e-05, 4.27778e-06, 1.14444e-05, 1.46944e-05, 1.41944e-05, 7.19444e-06, 3.11111e-06, 3.16667e-06, 0, 0, 0, 0, 0, 0, 0, 0, 0, 0, 0, 0, 0, 0
		0, 0.00128658, 0.00379929, 0.00549719, 0.00790287, 0.00916871, 0.0113966, 0.0125389, 0.0143343, 0.0152803, 0.015483, 0.017357, 0.0185933, 0.0186871, 0.0189538, 0.0193958, 0.0197209, 0.0204522, 0.0207143, 0.0202759, 0.0215441, 0.0201581, 0.019943, 0.0189579, 0.0191978, 0.0192311, 0.0193271, 0.0175478, 0.0185939, 0.017932, 0.0182237, 0.0176551, 0.0190658, 0.0186272, 0.0190339, 0.0177124, 0.0182788, 0.0177506, 0.0169371, 0.0176316, 0.0175459, 0.0185443, 0.0156952, 0.0169212, 0.0149125, 0.0157777, 0.0152912, 0.0139483, 0.0156014, 0.014381, 0.0137326, 0.013646, 0.01419, 0.0146894, 0.0146133, 0.014193, 0.0143926, 0.0130715, 0.0132161, 0.011245, 0.0111688, 0.0106322, 0.00953197, 0.00960206, 0.00887519, 0.00956045, 0.00925268, 0.00819671, 0.00802619, 0.00847916, 0.00683852, 0.00601781, 0.00631006, 0.0056381, 0.00513416, 0.00424216, 0.00367161, 0.00368339, 0.00294294, 0.00361832, 0.00248148, 0.00215813, 0.00146258, 0.0014609, 0.00163342, 0.000772419, 0.000710935, 0.000353419, 0.000304581, 0.000107387, 8.27419e-05, 3.85161e-05, 1.74194e-05, 6.41935e-06, 0, 2.06774e-05, 3.07742e-05, 1.76129e-05, 2.43871e-05, 0, 0
		0, 0.00055025, 0.00057725, 0.00053575, 0.0005245, 0.00098575, 0.0016275, 0.00171175, 0.00230825, 0.0017665, 0.00330125, 0.0030075, 0.00216375, 0.0046645, 0.0043095, 0.00406225, 0.0048665, 0.0059315, 0.00514325, 0.00527275, 0.00714975, 0.0066055, 0.00900125, 0.00968, 0.0077665, 0.0092185, 0.0091265, 0.007742, 0.0087145, 0.0103167, 0.010672, 0.0108068, 0.0141672, 0.0106895, 0.0120662, 0.0113507, 0.0118545, 0.013642, 0.0154155, 0.015305, 0.0130985, 0.0140303, 0.014101, 0.0160575, 0.0184622, 0.015555, 0.0158805, 0.0160703, 0.0152445, 0.0160088, 0.0178675, 0.017871, 0.0170887, 0.016349, 0.018279, 0.0186608, 0.0214805, 0.0183385, 0.021664, 0.0176725, 0.0212765, 0.0234035, 0.0272288, 0.0204055, 0.0324305, 0.0266417, 0.0297135, 0.0229545, 0.0223575, 0.0261888, 0.020155, 0.0263285, 0.0214783, 0.0228615, 0.021028, 0.02155, 0.020863, 0.0244907, 0.0237643, 0.0238275, 0.0249328, 0.0244523, 0.02191, 0.0274195, 0.0187005, 0.0346533, 0.0205942, 0.0102577, 0.0106415, 0.0160342, 0.0133983, 0.009965, 0.0110258, 0.0130905, 0.0267675, 0.038802, 0.0203093, 0.0192562, 0.008551, 0.0108432, 0.009629
		0, 0.00107186, 0.00304907, 0.00479836, 0.00688329, 0.00866, 0.00889014, 0.0100411, 0.0120519, 0.0125094, 0.0155928, 0.0171934, 0.0161105, 0.0166302, 0.0164195, 0.0170412, 0.0202992, 0.0199911, 0.0196927, 0.0205796, 0.0236682, 0.0236188, 0.0255592, 0.0298755, 0.0277461, 0.0286241, 0.0290274, 0.0277201, 0.0315841, 0.0304494, 0.0319029, 0.0325662, 0.0332924, 0.0316876, 0.0302697, 0.0304763, 0.0302916, 0.0260689, 0.0252283, 0.0225784, 0.0204981, 0.0187638, 0.0166422, 0.0144574, 0.0127145, 0.0113931, 0.0104209, 0.00958929, 0.0092165, 0.0102081, 0.00856943, 0.00785986, 0.00715736, 0.0072255, 0.00609829, 0.005024, 0.00502064, 0.00455343, 0.00497843, 0.00395807, 0.00464807, 0.00398736, 0.00356586, 0.00271543, 0.00201814, 0.00202729, 0.0019705, 0.00174164, 0.000964643, 0.000887071, 0.000796214, 0.000702929, 0.000652286, 0.000592714, 0.000301, 0.0002715, 0.000102286, 5.49286e-05, 2.22857e-05, 5.78571e-06, 1.56429e-05, 3.22143e-05, 6.14286e-06, 4.4e-05, 9.5e-06, 4.85714e-06, 8.14286e-06, 0, 0, 0, 0, 0, 0, 0, 0, 0, 0, 0, 0, 0, 0
		0, 0.000622, 0.00101971, 0.00118829, 0.00141729, 0.00352121, 0.00414771, 0.00480057, 0.00532686, 0.00496457, 0.00610379, 0.00677193, 0.00661043, 0.00871036, 0.00629071, 0.00694036, 0.00886964, 0.00655, 0.00702464, 0.00803143, 0.00931757, 0.0104494, 0.0105568, 0.0117826, 0.0130464, 0.0151561, 0.0134906, 0.0127419, 0.0126191, 0.0134244, 0.013465, 0.0136179, 0.0170583, 0.0160581, 0.019052, 0.0170851, 0.0166016, 0.0184847, 0.0200102, 0.0208484, 0.022112, 0.0227477, 0.0231961, 0.0212041, 0.0227863, 0.0249517, 0.0236881, 0.0263512, 0.0234111, 0.0233039, 0.0230973, 0.0231723, 0.0208064, 0.0218022, 0.0231219, 0.022939, 0.0237331, 0.0212132, 0.0182001, 0.0179274, 0.0173026, 0.0182716, 0.0181826, 0.0174614, 0.0156274, 0.0157097, 0.0154015, 0.0132826, 0.0134761, 0.0121018, 0.0122046, 0.0101759, 0.0115423, 0.0121808, 0.0125106, 0.0121327, 0.0120551, 0.0111139, 0.0111097, 0.00965871, 0.00957729, 0.00736307, 0.00641321, 0.00551414, 0.00537536, 0.00531714, 0.0052835, 0.00596186, 0.006852, 0.006981, 0.00553036, 0.00427507, 0.00260021, 0.00176093, 0.0017945, 0.000711071, 0.000841857, 0.000286714, 0.000157429, 0.000241714, 0.000209357
}
Iter No. 5 silhouette evaluation = 0.251658

Best Iterations Time = 2
Best Silhouette Value = 0.251658
